300
300
300
300
300
300
300
300
300
300
300
264
228
192
156
120
120
120
120
120
120
120
120
105
90
75
60
60
60
60
60
60
60
60
60
60
60
60
60
60
60
60
60
60
60
60
60
60
60
60
60
60
60
60
60
60
60
60
60
60
60
60
60
75
90
105
120
120
120
120
120
120
120
120
120
120
120
120
120
120
120
120
120
120
120
120
120
120
120
120
120
120
120
120
120
120
120
120
120
120
120
105.7143
91.4286
77.1429
62.8571
48.5714
34.2857
20
20
20
20
20
20
20
20
20
20
20
20
20
20
20
20
18.6667
17.3333
16
14.6667
13.3333
12
10.6667
