2.65
2.7
2.7664
2.8485
2.9458
3.0577
3.1838
3.3233
3.4759
3.6408
3.8176
4.0057
4.2045
4.4135
4.632
4.8597
5.0958
5.3399
5.5913
5.8496
6.1141
6.3843
6.6596
6.9395
7.2234
7.5108
7.8011
8.0937
8.3881
8.6837
8.98
9.2764
9.5723
9.8672
10.1605
10.4517
10.7402
11.0254
11.3068
11.5838
11.8559
12.1225
12.3831
12.637
12.8838
13.1228
13.3536
13.5754
13.7879
13.9904
14.1824
14.3633
14.5325
14.6896
14.8338
14.9648
15.0818
15.1844
15.272
15.3441
15.4
15.4394
15.4627
15.4703
15.4628
15.4408
15.4047
15.3551
15.2926
15.2175
15.1306
15.0322
14.923
14.8034
14.674
14.5353
14.3879
14.2322
14.0688
13.8983
13.7211
13.5378
13.3489
13.155
12.9565
12.754
12.548
12.3391
12.1278
11.9146
11.7
11.4845
11.2684
11.0519
10.8351
10.6182
10.4015
10.1851
9.9693
9.7542
9.54
9.3269
9.1151
8.9049
8.6963
8.4897
8.2851
8.0828
7.883
7.6859
7.4916
7.3005
7.1125
6.9281
6.7473
6.5703
6.3974
6.2287
6.0644
5.9048
5.75
5.6002
5.4552
5.315
5.1794
5.0483
4.9215
4.7989
4.6804
4.5658
