200
200
200
200
200
200
200
200
200
200
200
166.6667
133.3333
100
100
100
100
100
100
100
100
83.3333
66.6667
50
50
50
50
50
50
50
50
50
50
50
50
50
50
50
50
50
50
50
50
50
50
50
50
50
50
50
50
50
50
50
50
50
50
50
50
50
50
50
50
66.6667
83.3333
100
100
100
100
100
100
100
100
100
100
100
100
100
100
100
100
100
100
100
100
100
100
100
100
100
100
100
100
100
100
100
100
100
100
87.8571
75.7143
63.5714
51.4286
39.2857
27.1429
15
15
15
15
15
15
15
15
15
15
15
15
15
15
15
15
14
13
12
11
10
9
8
7
6
