150
150
150
150
150
150
150
150
150
150
125
80
80
80
80
80
80
80
80
65
50
35
20
20
20
20
20
20
20
20
20
20
20
20
20
20
20
20
20
20
20
20
20
20
20
20
20
20
20
20
20
20
20
20
20
20
20
20
20
20
20
20
20
20
20
20
20
37.5
55
72.5
90
90
90
90
90
90
90
90
90
90
90
90
90
90
90
90
90
90
90
90
90
90
90
90
90
90
90
77.8571
65.7143
53.5714
41.4286
29.2857
17.1429
5
5
5
5
5
5
5
5
5
5
5
5
5
5
5
5
4.6667
4.3333
4
3.6667
3.3333
3
2.6667
2.3333
2
1.6667
1.3333
